[FOG]
u_fog_density=0.013700
u_fog_offset=200.000000
u_fog_color=1.000000, 1.000000, 1.000000
u_fog_height=500.000000
u_fog_attenuation=1.200000

[SUN]
u_sun_direction=0.000000, -0.002200, 0.012100
u_sun_color=1.000000, 1.000000, 1.000000
u_sun_exponetial=3500.000000

[SKY]
u_sky_box_direction=0.000000, 1.000000, 0.000000
u_sky_box_speed=0.030000

