[WAVE]
u_vertex_wave_count=63
u_fragment_wave_count=60
u_wave_direction_seed=0.000000
u_wave_direction_seed_iter=1254.384033
u_wave_frequency=0.032000
u_wave_frequency_mult=1.182000
u_wave_amplitude=1.000000
u_wave_amplitude_mult=0.804000
u_wave_initial_speed=0.938000
u_wave_speed_ramp=1.117000
u_wave_drag=1.023000
u_wave_height=50.000000
u_wave_max_peak=1.000000
u_wave_peak_offset=1.000000
u_normal_strength=10.000000

[LIGHT]
u_light_color=1.000000, 1.000000, 1.000000

[MATERIAL]
u_ambient=0.004902, 0.004902, 0.004902
u_diffuse_reflectance=0.000000, 0.382353, 1.000000
u_specular_reflectance=1.000000, 1.000000, 1.000000
u_specular_normal_strength=2.000000
u_shininess=3.000000

[Fresnel]
u_fresnel_normal_strength=1.358000
u_fresnel_shininess=9.730000
u_fresnel_bias=0.119000
u_fresnel_strength=1.404000
u_fresnel_color=0.504037, 0.726406, 0.901961
u_use_environment_map=1

[WAVE_TIP]
u_tip_color=0.000673, 0.014596, 0.019608
u_tip_attenuation=0.842000

